# logA ns theta_MC_100 ombh2 omch2 tau A_planck calib_100T calib_217T A_cib_217 xi_sz_cib A_sz ksz_norm gal545_A_100 gal545_A_143 gal545_A_143_217 gal545_A_217 ps_A_100_100 ps_A_143_143 ps_A_143_217 ps_A_217_217 galf_TE_A_100 galf_TE_A_100_143 galf_TE_A_100_217 galf_TE_A_143 galf_TE_A_143_217 galf_TE_A_217
2.651972045980305229e-04 7.588271625609831249e-06 3.134243605837917801e-07 3.673240016576100076e-07 -1.332722919295301718e-06 1.209584561218558644e-04 1.157366799480609540e-05 1.843600916691355708e-07 -1.978678629822583007e-07 -6.136707395738768937e-03 1.481188714235568565e-04 2.764090247320285750e-04 -1.788327992867568689e-03 -3.796299444784686670e-04 -1.434325691334503283e-03 -1.455897080897549560e-03 2.415923952761586148e-03 -2.256182547237200672e-02 -8.311525331930304586e-03 -4.905946729963147224e-04 8.104209508856267258e-03 -6.389771918223026519e-07 5.477927587682716509e-07 -3.512435351557875005e-06 -4.488035401178718915e-06 2.823204968633275614e-05 8.521410809826642310e-05
7.588271625609831249e-06 1.959400634351445453e-05 4.914160329698693425e-07 3.107937493802397468e-07 -4.515141725133819169e-06 9.586003557832938618e-06 4.076132101564238302e-07 -7.367702242513150636e-08 -6.981026869081830749e-08 -4.360680382621009120e-03 1.010799009515040336e-04 9.503495332864321217e-04 -2.022576651353160532e-03 2.920021190091819856e-04 -7.599544388552074048e-05 -9.911467641459261824e-05 1.440349412604040834e-03 -2.246002169546281596e-02 -7.862020609837245752e-03 3.418067840072041555e-04 3.857440554554733472e-03 -4.634056610091576296e-06 1.064686660000637175e-07 -1.442861909947281183e-06 -2.657893560555223674e-06 -2.191697343917913844e-06 -5.606760719616522506e-05
3.134243605837917801e-07 4.914160329698693425e-07 9.943660845646336834e-08 1.792548264170156779e-08 -1.583147537722481197e-07 2.906468126458149782e-07 1.394395116629174151e-08 -4.846382918149307610e-10 1.641545355334291883e-09 -2.516487763694123827e-05 -4.452712576423429057e-07 2.818641129660424486e-05 -8.840189139292256189e-06 -1.088024418599145536e-07 5.908186581861739086e-06 2.808711839606138470e-05 5.060416345628153547e-05 -2.774761611169766643e-04 -1.062992007682656936e-04 -5.469568117296204769e-05 -3.884731811088959523e-05 -5.916241680821648874e-08 -1.011672527668520767e-07 3.680829256397841754e-07 -3.887743244375252423e-08 -9.318066447933535374e-08 -2.534658991718340326e-06
3.673240016576100076e-07 3.107937493802397468e-07 1.792548264170156779e-08 2.276953028349156500e-08 -1.198550053583288463e-07 2.804967134372712214e-07 7.939477024706345352e-09 3.294019635689839155e-09 -1.602408412301511562e-09 -7.630175511210140083e-05 5.472302376610412641e-07 2.408939886448841045e-05 -3.907944954280634413e-05 2.314088615876568029e-06 -5.022871969482536115e-06 -3.009052419579968966e-06 2.707551733168840028e-05 -3.709523576383360688e-04 -2.376225504682280706e-04 -9.743420076723512829e-05 -1.876482939195323721e-05 1.677068237149352283e-08 -5.455088096502707670e-08 -2.503209744018915838e-07 -2.151211733900928745e-07 -1.193776791839322505e-07 -1.473879502938458461e-06
-1.332722919295301718e-06 -4.515141725133819169e-06 -1.583147537722481197e-07 -1.198550053583288463e-07 1.908906860459664402e-06 -2.835972027571309215e-06 -1.398253271559248339e-07 -6.311564781364289108e-09 5.017262415367800282e-09 1.864456220219376547e-04 9.498719046023218925e-07 -1.157437510184710245e-04 7.579449878721461519e-05 -3.413430984144360798e-05 -6.425083898806318976e-05 -7.003962575052101827e-05 -1.580428562617306029e-04 1.364296134679232478e-03 1.300348049991268285e-03 7.761486171893757207e-04 4.743355837988194449e-04 1.001461615485166553e-06 -1.286002526219847513e-07 1.840069573140760225e-07 1.409645460367239362e-06 5.405579059910317660e-07 1.672159289869916597e-05
1.209584561218558644e-04 9.586003557832938618e-06 2.906468126458149782e-07 2.804967134372711685e-07 -2.835972027571309215e-06 6.415336497724157894e-05 -2.497041198719156306e-07 4.174081125857873636e-08 -7.823743519817969391e-08 -3.229472610309344453e-03 5.272760175131858593e-05 3.384025872825866736e-04 -5.601299831650513551e-04 -3.202809934702492256e-05 -2.824131501565315988e-04 -3.290937447839464586e-04 6.763961310831987728e-04 -1.512920337081242496e-02 -6.515623285573157036e-03 -2.137747192435966205e-03 9.055324427096606140e-04 -3.503576356341774406e-06 -1.251711444971873454e-07 -3.877223723266138273e-06 -4.657529041790422008e-06 9.993642389490169333e-06 4.996933636199836254e-06
1.157366799480609540e-05 4.076132101564238302e-07 1.394395116629174151e-08 7.939477024706345352e-09 -1.398253271559248339e-07 -2.497041198719156306e-07 6.188510710861673289e-06 -1.098363714836791335e-08 -1.488538218913672306e-08 7.141411555949711033e-04 2.956818533834042428e-06 -7.444017477647034051e-05 6.454594721933765537e-06 3.134209612805428685e-05 -4.580873643185483452e-05 -5.558254596310434022e-05 7.473003314205803283e-04 4.367412198630676347e-03 7.015367027555963371e-04 1.251149960547928805e-04 1.101735997720429232e-03 1.441238324077434655e-06 7.181336948050166111e-07 1.464487872386692527e-06 5.628596239676529879e-07 2.679304483475661278e-06 1.412968739058236798e-05
1.843600916691355708e-07 -7.367702242513150636e-08 -4.846382918149307610e-10 3.294019635689839155e-09 -6.311564781364289108e-09 4.174081125857872312e-08 -1.098363714836791335e-08 3.727004968340802201e-07 2.592392930380741157e-11 -2.350468849504571377e-04 4.875907358371910980e-06 1.253822214639864995e-04 -1.001361348475270432e-04 1.551680323501133268e-04 -2.007571421315985124e-04 -7.639486375326657089e-06 1.050248301558239552e-04 3.516232669353453518e-03 1.382512010282585350e-04 4.953862116245736627e-04 5.387921424101656514e-04 -2.351472824692514403e-08 -2.647479933125416154e-07 2.625093575875357578e-07 -1.942771348079158503e-07 -3.995228325938424871e-07 -1.153301799188979508e-06
-1.978678629822583007e-07 -6.981026869081830749e-08 1.641545355334291883e-09 -1.602408412301511562e-09 5.017262415367800282e-09 -7.823743519817970715e-08 -1.488538218913672306e-08 2.592392930380741157e-11 3.858099750376702025e-07 6.829901771997993944e-04 -1.167296383571876980e-06 -2.602982563872262354e-05 4.710505402050188345e-06 1.625532775122516297e-05 -2.652583598988762721e-05 4.265510306045275954e-04 9.551959026486679877e-04 3.747116760694111856e-04 1.250779691925358737e-04 -3.064104610083221900e-04 -1.266952536219135075e-03 3.492428028207002504e-07 -1.589186870462144068e-07 -3.181323599669812149e-07 -5.051606908507120018e-07 -4.377595184953718888e-07 -1.944502859931985769e-06
-6.136707395738769805e-03 -4.360680382621009120e-03 -2.516487763694123149e-05 -7.630175511210140083e-05 1.864456220219376547e-04 -3.229472610309345321e-03 7.141411555949711033e-04 -2.350468849504571377e-04 6.829901771997993944e-04 4.436810607795621308e+01 -3.912832541243783102e-01 -7.848419548356354580e-01 -1.110056984077427145e-01 3.388212648824880796e-02 4.375086595657899924e-01 -6.022676050725549679e+00 -3.330964124097076251e+01 3.404377561989594625e+01 1.449417476090993695e+00 -1.288674019809303672e+01 -5.471404669991141390e+01 -6.606632309966030576e-04 -5.933320944377873385e-03 5.599283496572923444e-03 -9.952278462962328362e-03 -2.068512932828373788e-03 9.883301800540001195e-03
1.481188714235568294e-04 1.010799009515040201e-04 -4.452712576423430116e-07 5.472302376610412641e-07 9.498719046023213631e-07 5.272760175131858593e-05 2.956818533834044969e-06 4.875907358371911827e-06 -1.167296383571876980e-06 -3.912832541243783102e-01 8.106555919956306977e-02 -5.215416698424660963e-02 5.455839466448891145e-02 2.182304267432884359e-03 1.102618226642781106e-02 9.089168599881529420e-02 1.232062729791679329e-01 -6.133787717157201946e-01 8.867612421618853435e-01 1.661836910080795260e+00 6.058519271400943929e-01 -2.876859232961232393e-04 8.468703020984608316e-05 1.522647148215817731e-04 1.790408932521158768e-04 -2.951707021328311867e-04 -9.765983429268598314e-04
2.764090247320287377e-04 9.503495332864321217e-04 2.818641129660424486e-05 2.408939886448841045e-05 -1.157437510184710109e-04 3.384025872825866736e-04 -7.444017477647034051e-05 1.253822214639864995e-04 -2.602982563872262693e-05 -7.848419548356352360e-01 -5.215416698424661657e-02 3.966347126286601465e+00 -2.793197309969374320e+00 -2.776666338759291031e-01 7.291751418912408023e-02 2.756538231254468840e+00 3.483143214858793524e+00 -3.041208664796178240e+01 -3.319108790982183699e+00 7.687661666821695938e+00 5.369400115530887696e+00 -1.939197856055350231e-04 -1.372241302106166861e-03 2.641460853731558960e-03 -2.303342629495734508e-03 1.708455659098393701e-03 8.203679269219558284e-03
-1.788327992867568689e-03 -2.022576651353160532e-03 -8.840189139292256189e-06 -3.907944954280634413e-05 7.579449878721461519e-05 -5.601299831650514635e-04 6.454594721933765537e-06 -1.001361348475270432e-04 4.710505402050190039e-06 -1.110056984077427422e-01 5.455839466448891145e-02 -2.793197309969374320e+00 5.803481016006387883e+00 1.912040712757819005e-01 -1.548245998630747300e-01 -2.139385556730115212e+00 -2.472062433984385965e+00 1.419660422160999680e+01 -4.486694120775920780e+00 -1.166805158504157980e+01 -9.177202410968479995e+00 -6.475578743551145631e-04 1.847280839909554856e-03 -2.540224093286886243e-03 2.090899224250536339e-03 -3.334886368371807030e-03 -7.006703238035739099e-03
-3.796299444784686670e-04 2.920021190091819313e-04 -1.088024418599139051e-07 2.314088615876570147e-06 -3.413430984144360798e-05 -3.202809934702489545e-05 3.134209612805429363e-05 1.551680323501133268e-04 1.625532775122516635e-05 3.388212648824881490e-02 2.182304267432885227e-03 -2.776666338759291031e-01 1.912040712757819283e-01 3.314885420034075825e+00 5.338076559135429555e-01 1.628584676598769654e-01 2.504843147436623951e-01 -6.769064474552792809e+00 -2.358588960708507265e-01 -8.420421084282955215e-01 -6.301611433914017235e-01 -2.058769918584884813e-04 -9.477988644982909003e-05 2.935201250182050553e-03 -4.386033108095205242e-05 -6.108858532926665901e-04 3.312220440165209237e-03
-1.434325691334503499e-03 -7.599544388552074048e-05 5.908186581861740780e-06 -5.022871969482536115e-06 -6.425083898806317620e-05 -2.824131501565315446e-04 -4.580873643185481419e-05 -2.007571421315985124e-04 -2.652583598988762721e-05 4.375086595657899924e-01 1.102618226642780933e-02 7.291751418912409410e-02 -1.548245998630746745e-01 5.338076559135429555e-01 3.142398451193066933e+00 2.610390435274839049e+00 2.622780642711281196e+00 5.716014613312086823e+00 -1.417333409148334944e+00 -8.275951066582347693e-01 -1.182675363137333013e+00 5.320695334706610153e-04 -1.153661608817373738e-03 3.456111591318089212e-04 -8.350265754592129394e-04 9.712050067804417096e-04 -8.969685192680069627e-03
-1.455897080897549560e-03 -9.911467641459264534e-05 2.808711839606138131e-05 -3.009052419579968543e-06 -7.003962575052101827e-05 -3.290937447839464586e-04 -5.558254596310435378e-05 -7.639486375326665559e-06 4.265510306045275954e-04 -6.022676050725549679e+00 9.089168599881529420e-02 2.756538231254468840e+00 -2.139385556730115212e+00 1.628584676598769654e-01 2.610390435274839049e+00 1.082540985808911316e+01 1.952075253662071219e+01 -1.387427650866347228e+01 3.132399534786419526e+00 4.914062135951600574e+00 5.726663888088727283e+00 6.207284165098513181e-04 -1.345978823941659536e-03 -6.843211037978858642e-04 -8.566037772892643636e-04 1.543195064200627697e-03 -1.744825392741236212e-04
2.415923952761586148e-03 1.440349412604040834e-03 5.060416345628153547e-05 2.707551733168840028e-05 -1.580428562617306029e-04 6.763961310831985560e-04 7.473003314205803283e-04 1.050248301558239552e-04 9.551959026486679877e-04 -3.330964124097076251e+01 1.232062729791679329e-01 3.483143214858793524e+00 -2.472062433984385965e+00 2.504843147436623396e-01 2.622780642711281196e+00 1.952075253662071219e+01 5.395415470786128509e+01 -2.593293213734999014e+01 4.358993374652402331e+00 8.374609031862659592e+00 3.350530734249719700e+01 3.452794419831290741e-03 2.202946242514467606e-03 -8.629881943591400165e-03 4.061138157396969317e-03 4.815806036117966857e-03 5.128683646255647287e-03
-2.256182547237200325e-02 -2.246002169546281596e-02 -2.774761611169766643e-04 -3.709523576383360688e-04 1.364296134679232695e-03 -1.512920337081242496e-02 4.367412198630676347e-03 3.516232669353453518e-03 3.747116760694111856e-04 3.404377561989594625e+01 -6.133787717157200836e-01 -3.041208664796178240e+01 1.419660422160999680e+01 -6.769064474552792809e+00 5.716014613312086823e+00 -1.387427650866347228e+01 -2.593293213734999014e+01 7.784297267116669445e+02 6.412384230591189294e+01 -5.704596446195193948e+01 -5.887350296545210426e+01 2.871047810512112122e-02 2.116110820586174571e-03 -1.005715506646685277e-02 5.572022106782465942e-03 -2.843124051735554381e-02 -1.596935467056406210e-01
-8.311525331930304586e-03 -7.862020609837245752e-03 -1.062992007682656936e-04 -2.376225504682280706e-04 1.300348049991268285e-03 -6.515623285573157036e-03 7.015367027555963371e-04 1.382512010282585350e-04 1.250779691925358466e-04 1.449417476090993695e+00 8.867612421618853435e-01 -3.319108790982183699e+00 -4.486694120775919892e+00 -2.358588960708507543e-01 -1.417333409148335166e+00 3.132399534786419526e+00 4.358993374652402331e+00 6.412384230591187873e+01 5.962672800747473900e+01 3.920252966493959690e+01 1.436815712908141585e+01 1.233341049336259465e-03 -3.376267662303867527e-04 3.298673297883878818e-03 3.426531616586327156e-04 -8.764455682800528780e-03 1.002020682444394349e-03
-4.905946729963150477e-04 3.418067840072041013e-04 -5.469568117296205446e-05 -9.743420076723512829e-05 7.761486171893757207e-04 -2.137747192435966205e-03 1.251149960547927992e-04 4.953862116245736627e-04 -3.064104610083221900e-04 -1.288674019809303672e+01 1.661836910080795260e+00 7.687661666821695938e+00 -1.166805158504157980e+01 -8.420421084282955215e-01 -8.275951066582347693e-01 4.914062135951600574e+00 8.374609031862659592e+00 -5.704596446195193948e+01 3.920252966493959690e+01 8.468208194426961199e+01 5.208351399853074071e+01 -1.227804819254745515e-03 -1.269673559566224979e-03 1.126031404613573976e-02 -3.165805998993942091e-03 -3.830051345036183767e-03 -9.926645903888377340e-04
8.104209508856267258e-03 3.857440554554733472e-03 -3.884731811088959523e-05 -1.876482939195323721e-05 4.743355837988194449e-04 9.055324427096606140e-04 1.101735997720429232e-03 5.387921424101656514e-04 -1.266952536219135075e-03 -5.471404669991141390e+01 6.058519271400945039e-01 5.369400115530887696e+00 -9.177202410968479995e+00 -6.301611433914016125e-01 -1.182675363137332791e+00 5.726663888088727283e+00 3.350530734249719700e+01 -5.887350296545210426e+01 1.436815712908141585e+01 5.208351399853074071e+01 1.027279901697675513e+02 1.660861841958468461e-03 5.172284637995516743e-03 2.229403862659106068e-03 1.022750335236068814e-02 3.490701440475587995e-03 3.962788600365685192e-03
-6.389771918223030754e-07 -4.634056610091576296e-06 -5.916241680821650860e-08 1.677068237149353606e-08 1.001461615485166553e-06 -3.503576356341773982e-06 1.441238324077434232e-06 -2.351472824692514403e-08 3.492428028207000915e-07 -6.606632309966030576e-04 -2.876859232961232935e-04 -1.939197856055349146e-04 -6.475578743551147799e-04 -2.058769918584883458e-04 5.320695334706610153e-04 6.207284165098513181e-04 3.452794419831289874e-03 2.871047810512112122e-02 1.233341049336259465e-03 -1.227804819254747467e-03 1.660861841958469328e-03 1.434418680463195577e-03 2.407027488625220152e-04 8.440080095197251644e-05 -3.855896022954796959e-04 -1.367466696410073396e-04 -2.680526674406805382e-04
5.477927587682724979e-07 1.064686660000637175e-07 -1.011672527668521032e-07 -5.455088096502708331e-08 -1.286002526219847513e-07 -1.251711444971864719e-07 7.181336948050165052e-07 -2.647479933125416154e-07 -1.589186870462143273e-07 -5.933320944377873385e-03 8.468703020984606961e-05 -1.372241302106167078e-03 1.847280839909554856e-03 -9.477988644982894095e-05 -1.153661608817373955e-03 -1.345978823941659536e-03 2.202946242514467606e-03 2.116110820586174137e-03 -3.376267662303863190e-04 -1.269673559566224979e-03 5.172284637995516743e-03 2.407027488625220152e-04 8.550383958183543518e-04 8.072673823412516980e-05 7.290917204234724676e-04 1.065636455682098405e-05 -6.315728288167210417e-04
-3.512435351557873311e-06 -1.442861909947283301e-06 3.680829256397841754e-07 -2.503209744018915838e-07 1.840069573140757578e-07 -3.877223723266138273e-06 1.464487872386692739e-06 2.625093575875356519e-07 -3.181323599669811090e-07 5.599283496572922576e-03 1.522647148215818544e-04 2.641460853731559394e-03 -2.540224093286885809e-03 2.935201250182050553e-03 3.456111591318091381e-04 -6.843211037978861894e-04 -8.629881943591396695e-03 -1.005715506646683889e-02 3.298673297883879686e-03 1.126031404613573803e-02 2.229403862659104334e-03 8.440080095197251644e-05 8.072673823412516980e-05 7.289254808696055653e-03 -2.594954365371542927e-04 6.058335851950738885e-04 4.147177702760175728e-03
-4.488035401178720609e-06 -2.657893560555224097e-06 -3.887743244375249776e-08 -2.151211733900928745e-07 1.409645460367239362e-06 -4.657529041790422855e-06 5.628596239676530937e-07 -1.942771348079158503e-07 -5.051606908507120018e-07 -9.952278462962324893e-03 1.790408932521158226e-04 -2.303342629495733641e-03 2.090899224250535905e-03 -4.386033108095232347e-05 -8.350265754592126142e-04 -8.566037772892646888e-04 4.061138157396971052e-03 5.572022106782467676e-03 3.426531616586344503e-04 -3.165805998993942091e-03 1.022750335236068814e-02 -3.855896022954796959e-04 7.290917204234724676e-04 -2.594954365371542927e-04 2.955170053144526559e-03 4.484371982635819193e-04 -9.897158136871295631e-04
2.823204968633275614e-05 -2.191697343917914267e-06 -9.318066447933532727e-08 -1.193776791839322505e-07 5.405579059910317660e-07 9.993642389490169333e-06 2.679304483475661701e-06 -3.995228325938423813e-07 -4.377595184953719947e-07 -2.068512932828372921e-03 -2.951707021328310782e-04 1.708455659098394135e-03 -3.334886368371807464e-03 -6.108858532926663733e-04 9.712050067804420348e-04 1.543195064200627480e-03 4.815806036117965122e-03 -2.843124051735555768e-02 -8.764455682800527045e-03 -3.830051345036182033e-03 3.490701440475588429e-03 -1.367466696410073125e-04 1.065636455682098067e-05 6.058335851950739969e-04 4.484371982635819193e-04 6.302302594197752711e-03 7.890955890453972554e-03
8.521410809826642310e-05 -5.606760719616522506e-05 -2.534658991718340749e-06 -1.473879502938458461e-06 1.672159289869916597e-05 4.996933636199837948e-06 1.412968739058236628e-05 -1.153301799188979508e-06 -1.944502859931985345e-06 9.883301800540004664e-03 -9.765983429268596146e-04 8.203679269219558284e-03 -7.006703238035734763e-03 3.312220440165209671e-03 -8.969685192680071362e-03 -1.744825392741253560e-04 5.128683646255647287e-03 -1.596935467056406210e-01 1.002020682444390879e-03 -9.926645903888394688e-04 3.962788600365685192e-03 -2.680526674406805382e-04 -6.315728288167210417e-04 4.147177702760175728e-03 -9.897158136871297800e-04 7.890955890453972554e-03 7.257858501873443169e-02
