# logA ns theta_MC_100 ombh2 omch2 tau A_planck calib_100T calib_217T A_cib_217 xi_sz_cib A_sz ksz_norm gal545_A_100 gal545_A_143 gal545_A_143_217 gal545_A_217 ps_A_100_100 ps_A_143_143 ps_A_143_217 ps_A_217_217 galf_TE_A_100 galf_TE_A_100_143 galf_TE_A_100_217 galf_TE_A_143 galf_TE_A_143_217 galf_TE_A_217
2.554381233510040830e-04 3.882742579776927084e-06 4.444916084498273169e-07 3.001547461059285724e-07 2.959090934814897175e-08 1.148130623741494788e-04 1.095287442097382843e-05 3.323023460507281856e-07 1.953606430600345985e-07 -5.431167881473560576e-03 -1.433804850799714886e-06 1.040620635392214017e-03 -1.913784319121766310e-03 3.851390905656761066e-04 -1.447339635763344491e-03 -2.022921031594962765e-03 1.146217429745735464e-03 -2.292844138333990228e-02 -8.160812414540660406e-03 1.369694398886767497e-04 1.104928204671230471e-02 -6.346218409378308080e-07 -9.940821298101088025e-06 -1.824957508881781877e-05 -1.706896885442078337e-05 1.805934680988729233e-06 8.191919746836044268e-05
3.882742579776927084e-06 1.830027491869923312e-05 4.770973824924301046e-07 2.697250556449973012e-07 -4.128691195227532843e-06 7.673273588310730847e-06 -6.973677005683930932e-08 2.758895370762405741e-08 -8.230382272636097729e-08 -3.763957421594573988e-03 7.726428702135489590e-05 1.005078922991088034e-03 -1.793363457937151599e-03 5.250879773770868522e-04 -2.063800680838534280e-04 7.121643451060616108e-06 1.214499961342881346e-03 -2.469897388040604227e-02 -7.720788773018128805e-03 -1.801961845030684365e-05 2.674349097722371338e-03 2.583671843940911689e-06 1.247439258512907050e-06 1.542367293960803118e-06 -2.455178154762316808e-07 4.835316647982304991e-06 -6.925585428883104160e-06
4.444916084498273169e-07 4.770973824924301046e-07 9.975191744930369901e-08 1.890649520548078265e-08 -1.613224768434708294e-07 3.335713193957493129e-07 2.717944957810968328e-08 4.267619076415720764e-09 8.016928392763681159e-11 6.932491531049825523e-05 2.452468426917345415e-06 1.058503131740571425e-06 -8.129205023542886429e-06 -1.204608755505931223e-05 -8.033736078253312461e-06 1.505074961511157948e-05 -2.856527736186281513e-05 1.011634276045791800e-04 -4.579861460906815872e-05 -4.016523338959252274e-05 -1.632986119853231297e-04 -2.243094428731869315e-07 1.180996995954095932e-07 -4.492788178713543407e-07 1.505738428707258267e-07 6.655125679867532315e-07 -1.240251492639138892e-06
3.001547461059285724e-07 2.697250556449973012e-07 1.890649520548078265e-08 2.214003864789693793e-08 -1.094371485469588169e-07 2.170559717518666075e-07 2.229124791643274242e-08 1.878700912119155103e-09 1.114289887845795877e-09 -6.644381418047828653e-05 1.473310592482961701e-06 2.130518996744110033e-05 -3.288851674560302091e-05 -4.067388201872673574e-06 -5.810729412889843347e-06 -1.312509138452492241e-06 2.133986344450590353e-05 -2.727332692715582225e-04 -2.247916517447403804e-04 -6.378014149396961970e-05 7.757399513255211742e-06 -7.396049092897644078e-09 4.652230347942006280e-11 -3.064791792584386081e-07 -1.899240576943936087e-07 -8.848773481733203398e-08 -7.048853759945685229e-07
2.959090934814897175e-08 -4.128691195227532843e-06 -1.613224768434708294e-07 -1.094371485469588169e-07 1.820083515438517184e-06 -2.093724600802822322e-06 -8.554512066387627468e-08 3.161258031667449717e-09 3.236700537440107746e-09 3.864276226903347794e-05 -1.041475681967242469e-05 -9.398133600218314208e-05 -3.292330091555143833e-05 -1.020237275417714117e-04 -5.002941011098882752e-05 -6.939961589752037974e-05 8.963345751174178622e-06 2.054550939141266963e-03 1.147401755653498475e-03 4.705767516708315372e-04 6.029331828570307821e-04 -4.182027479125534585e-08 -3.045697784243939027e-08 -2.738035517500308337e-08 1.053195777087816738e-06 7.849352528909037167e-07 -4.052267774862377300e-06
1.148130623741494788e-04 7.673273588310730847e-06 3.335713193957493129e-07 2.170559717518666075e-07 -2.093724600802822322e-06 6.074261542092418469e-05 -7.803822616695648276e-07 2.230959917326190009e-08 8.695595728929944852e-08 -1.813650867046323395e-03 1.328832283063172259e-05 5.028259898548485167e-04 -4.263838945949295070e-04 5.024191820980575957e-04 -2.798118253373771988e-04 -7.569857699926800260e-04 -9.632683212563379182e-04 -1.569603608126349595e-02 -5.868834007495892652e-03 -2.136118300351506037e-03 1.966630314269536474e-04 -1.718641261910057874e-07 -1.075610825109697446e-06 -9.343323927887776980e-06 -9.553471463730916187e-06 4.515788158368460134e-07 4.853767329004665351e-05
1.095287442097382843e-05 -6.973677005683930932e-08 2.717944957810968328e-08 2.229124791643274242e-08 -8.554512066387627468e-08 -7.803822616695648276e-07 6.216510212861798312e-06 6.920025878752278849e-08 4.499761726770730970e-09 -4.002382788805261337e-05 -2.496130472303920796e-05 1.194885634172073845e-04 -3.040031982912702440e-06 -2.497273214752377090e-05 -3.300709605600141410e-05 4.045021880117462786e-05 1.408044925011157087e-03 3.775368947773612496e-03 2.120372148872484198e-04 6.032633796398388128e-04 2.698809532319533435e-03 -6.236989328093397662e-07 -4.584325397760677093e-06 1.793277243379212183e-06 -4.099688942706097378e-07 9.689396812978628950e-08 6.508020888489238346e-06
3.323023460507281856e-07 2.758895370762405741e-08 4.267619076415720764e-09 1.878700912119155103e-09 3.161258031667449717e-09 2.230959917326190009e-08 6.920025878752278849e-08 3.700369154996468183e-07 4.024889197842663226e-09 -9.796170423221607323e-05 5.405748861057050925e-06 1.101372444335257402e-04 -1.088809737125723514e-04 1.976107323350586437e-04 -1.859367895330227445e-04 -2.414329834026093533e-05 3.306360024969407241e-06 3.335104681109016169e-03 8.975023259329964129e-05 4.506435586626387482e-04 4.491150601417635705e-04 2.808803690959587476e-07 6.573903879878881869e-08 2.858996210527427174e-07 -4.019720500056907550e-07 1.356935388697964597e-06 4.536785960045245342e-06
1.953606430600345985e-07 -8.230382272636097729e-08 8.016928392763681159e-11 1.114289887845795877e-09 3.236700537440107746e-09 8.695595728929943528e-08 4.499761726770730970e-09 4.024889197842663226e-09 3.815694865381902654e-07 6.500555164509544534e-04 -1.269791217000719142e-07 -1.212332461474633700e-05 -5.841804063823024368e-06 -4.015103652772163888e-05 -6.291872707689591935e-05 3.965690161476156787e-04 9.117869040648579572e-04 1.386379945909061015e-04 9.751549972360038117e-05 -2.699890609103689182e-04 -1.217940637428310260e-03 6.453458764012620204e-07 5.984243065075114740e-07 -1.182665660279820161e-06 1.230858954642363862e-06 4.694744219973396626e-07 -3.165384934070415110e-06
-5.431167881473560576e-03 -3.763957421594573988e-03 6.932491531049825523e-05 -6.644381418047828653e-05 3.864276226903347794e-05 -1.813650867046323395e-03 -4.002382788805261337e-05 -9.796170423221607323e-05 6.500555164509545618e-04 4.439380349372023460e+01 -4.469807488617210112e-01 -4.587707501193351578e-01 -5.140745497749612536e-01 -1.408690901308815857e-01 5.436170577893119082e-01 -6.613154120785180723e+00 -3.493581162609414292e+01 3.222780028434583244e+01 7.519962991435729105e-01 -1.179925404803552169e+01 -5.361851715363881965e+01 -3.849852694269088795e-03 4.557056944539935282e-03 -1.013202476815611673e-02 3.897830752970870682e-03 -9.337600996714085985e-03 -2.535438374583210211e-02
-1.433804850799736486e-06 7.726428702135490945e-05 2.452468426917344568e-06 1.473310592482961490e-06 -1.041475681967242300e-05 1.328832283063172767e-05 -2.496130472303920457e-05 5.405748861057050925e-06 -1.269791217000719142e-07 -4.469807488617210112e-01 8.084926043682529040e-02 -2.907014501900750947e-02 6.860350752288560394e-02 -7.357169242378737949e-03 3.838268586637751112e-03 1.171819072077482787e-01 1.994006766276581188e-01 -1.018580364043155218e+00 8.793820760126727087e-01 1.694651666137265034e+00 6.906159388411897693e-01 -2.832578609696651318e-05 -3.628380810156261310e-05 3.211974912191368266e-04 -2.179123464662090042e-04 -5.978098630571614721e-04 -3.445544728248015097e-04
1.040620635392214017e-03 1.005078922991087817e-03 1.058503131740570578e-06 2.130518996744110372e-05 -9.398133600218314208e-05 5.028259898548486252e-04 1.194885634172073845e-04 1.101372444335257402e-04 -1.212332461474634208e-05 -4.587707501193353243e-01 -2.907014501900750947e-02 3.796243344511601947e+00 -2.633955185593463089e+00 -1.998400806695519727e-01 3.055705982864126424e-01 2.718279413193498861e+00 2.954474897117228327e+00 -2.962569835117306383e+01 -3.346656728274081338e+00 7.527993794586032905e+00 4.745689055386113075e+00 3.589108517085702523e-03 1.116555917535299263e-05 3.385282736410616822e-03 -2.436556291751029030e-03 2.750641722167172266e-04 -6.151021452496707211e-03
-1.913784319121766310e-03 -1.793363457937151599e-03 -8.129205023542889817e-06 -3.288851674560302769e-05 -3.292330091555141801e-05 -4.263838945949293443e-04 -3.040031982912724463e-06 -1.088809737125723650e-04 -5.841804063823024368e-06 -5.140745497749612536e-01 6.860350752288560394e-02 -2.633955185593463089e+00 5.829147226225202871e+00 2.094934615744845352e-01 -1.867836016682467848e-01 -2.031379222413876029e+00 -1.906204544952042834e+00 1.299244428219268244e+01 -4.720169194736392626e+00 -1.104080976013579374e+01 -8.745836646460402264e+00 -4.290009720909127543e-03 -3.144884137684921324e-03 4.451579266357212974e-03 7.212969233330182930e-04 -1.922798595284045666e-03 -5.614381576116198036e-03
3.851390905656761066e-04 5.250879773770868522e-04 -1.204608755505931223e-05 -4.067388201872673574e-06 -1.020237275417714117e-04 5.024191820980575957e-04 -2.497273214752377090e-05 1.976107323350586437e-04 -4.015103652772163888e-05 -1.408690901308815857e-01 -7.357169242378737949e-03 -1.998400806695520004e-01 2.094934615744845352e-01 3.349010795624380421e+00 5.038594756871355163e-01 -1.468994245000119526e-02 -6.768288082380559401e-02 -6.070382873997477446e+00 -7.950670984791352591e-01 -1.061098101124789528e+00 -2.944632999667778916e-01 2.744150139747992038e-04 -9.287668757743673372e-04 2.107428670079922704e-03 -5.183213463572346191e-03 2.391553507611476111e-03 9.756955910322996986e-03
-1.447339635763344491e-03 -2.063800680838534822e-04 -8.033736078253310767e-06 -5.810729412889845041e-06 -5.002941011098882752e-05 -2.798118253373771988e-04 -3.300709605600140055e-05 -1.859367895330227445e-04 -6.291872707689591935e-05 5.436170577893120193e-01 3.838268586637748510e-03 3.055705982864126979e-01 -1.867836016682467570e-01 5.038594756871355163e-01 3.136406791069438427e+00 2.645622432678012892e+00 2.577935336401262045e+00 4.136207675773819759e+00 -1.802503100826056359e+00 -7.929052334236772470e-01 -1.276392679970217436e+00 2.435620935640111227e-04 2.642513870365824314e-04 -1.444928197344173392e-03 1.458732678344246570e-03 5.654278628738936127e-04 5.143562425004132542e-03
-2.022921031594961897e-03 7.121643451060616108e-06 1.505074961511157948e-05 -1.312509138452493088e-06 -6.939961589752037974e-05 -7.569857699926799176e-04 4.045021880117462108e-05 -2.414329834026093872e-05 3.965690161476156787e-04 -6.613154120785180723e+00 1.171819072077482787e-01 2.718279413193498861e+00 -2.031379222413876029e+00 -1.468994245000119526e-02 2.645622432678012892e+00 1.089801023788375112e+01 1.976463727810973126e+01 -1.267107329381143010e+01 2.722949856644788724e+00 4.676208341824953152e+00 6.102897376104483129e+00 2.277545268438777026e-03 1.081757103176399313e-03 -7.690658718496289764e-03 4.476418860839872713e-03 1.066509292069943611e-02 1.127210203283506539e-02
1.146217429745735464e-03 1.214499961342881346e-03 -2.856527736186281174e-05 2.133986344450590353e-05 8.963345751174178622e-06 -9.632683212563380266e-04 1.408044925011157087e-03 3.306360024969407241e-06 9.117869040648579572e-04 -3.493581162609414292e+01 1.994006766276581466e-01 2.954474897117228771e+00 -1.906204544952042168e+00 -6.768288082380555237e-02 2.577935336401261601e+00 1.976463727810973126e+01 5.548220265642600424e+01 -1.940650100352969076e+01 4.125355197197470680e+00 7.090379659584401750e+00 3.396653194813858789e+01 5.663349320624457353e-03 8.782398419328813280e-04 -5.680565637141006020e-03 1.079636980824381226e-02 2.401085228282943268e-02 2.860137166148509283e-02
-2.292844138333990228e-02 -2.469897388040604227e-02 1.011634276045791936e-04 -2.727332692715582225e-04 2.054550939141266963e-03 -1.569603608126349595e-02 3.775368947773612496e-03 3.335104681109016169e-03 1.386379945909061015e-04 3.222780028434583244e+01 -1.018580364043155218e+00 -2.962569835117306383e+01 1.299244428219268244e+01 -6.070382873997477446e+00 4.136207675773819759e+00 -1.267107329381143188e+01 -1.940650100352969076e+01 7.634611682945591156e+02 6.201159423555791506e+01 -6.393204143611019674e+01 -5.852900708220398229e+01 -5.742610955026700853e-02 -1.413385128068397976e-03 -8.418005932600527291e-03 4.391976727513569045e-02 -3.523557092822584419e-02 1.882309255474941267e-01
-8.160812414540660406e-03 -7.720788773018128805e-03 -4.579861460906816550e-05 -2.247916517447403804e-04 1.147401755653498475e-03 -5.868834007495892652e-03 2.120372148872484198e-04 8.975023259329964129e-05 9.751549972360038117e-05 7.519962991435730215e-01 8.793820760126727087e-01 -3.346656728274081338e+00 -4.720169194736392626e+00 -7.950670984791352591e-01 -1.802503100826056137e+00 2.722949856644788724e+00 4.125355197197471568e+00 6.201159423555791506e+01 6.009466289059506039e+01 3.951452054341947928e+01 1.614037810875470669e+01 -5.316382943677451858e-03 1.964685111914479289e-03 -1.959873620252463103e-02 -9.189679359543361957e-04 9.959237991249792008e-04 7.965164920068132370e-02
1.369694398886767497e-04 -1.801961845030675895e-05 -4.016523338959252274e-05 -6.378014149396961970e-05 4.705767516708315372e-04 -2.136118300351506037e-03 6.032633796398388128e-04 4.506435586626387482e-04 -2.699890609103689182e-04 -1.179925404803552169e+01 1.694651666137265034e+00 7.527993794586032905e+00 -1.104080976013579374e+01 -1.061098101124789528e+00 -7.929052334236772470e-01 4.676208341824953152e+00 7.090379659584401750e+00 -6.393204143611019674e+01 3.951452054341947928e+01 8.402608274942569722e+01 5.078305687101744326e+01 1.170955619053749841e-02 -1.767956522673808529e-03 1.278930923807876895e-02 -1.676001183975044453e-02 -2.007294013617108228e-02 3.185186781995987676e-02
1.104928204671230471e-02 2.674349097722371338e-03 -1.632986119853231297e-04 7.757399513255211742e-06 6.029331828570307821e-04 1.966630314269536474e-04 2.698809532319533435e-03 4.491150601417635705e-04 -1.217940637428310260e-03 -5.361851715363881965e+01 6.906159388411897693e-01 4.745689055386113075e+00 -8.745836646460402264e+00 -2.944632999667778916e-01 -1.276392679970217436e+00 6.102897376104483129e+00 3.396653194813858789e+01 -5.852900708220398229e+01 1.614037810875470669e+01 5.078305687101744326e+01 1.008966655658521603e+02 1.594531129517926318e-02 -4.878004313267196058e-03 1.933151584040520427e-02 -1.516845589228701767e-02 7.509926565639831082e-03 7.600142645861163171e-02
-6.346218409378308080e-07 2.583671843940910842e-06 -2.243094428731870109e-07 -7.396049092897641596e-09 -4.182027479125517380e-08 -1.718641261910064756e-07 -6.236989328093399779e-07 2.808803690959586947e-07 6.453458764012619145e-07 -3.849852694269088795e-03 -2.832578609696652334e-05 3.589108517085702523e-03 -4.290009720909128410e-03 2.744150139747992038e-04 2.435620935640109329e-04 2.277545268438777026e-03 5.663349320624457353e-03 -5.742610955026700853e-02 -5.316382943677451858e-03 1.170955619053749841e-02 1.594531129517926318e-02 1.500747776155706521e-03 2.816066760331136583e-04 2.371544947267111424e-05 -3.898013589902562539e-04 -8.915862932399188766e-05 -2.236084873552708087e-04
-9.940821298101088025e-06 1.247439258512906627e-06 1.180996995954095006e-07 4.652230347943599249e-11 -3.045697784243934395e-08 -1.075610825109697235e-06 -4.584325397760677093e-06 6.573903879878885839e-08 5.984243065075114740e-07 4.557056944539935282e-03 -3.628380810156259278e-05 1.116555917535264534e-05 -3.144884137684921324e-03 -9.287668757743673372e-04 2.642513870365825399e-04 1.081757103176399530e-03 8.782398419328808943e-04 -1.413385128068397976e-03 1.964685111914481024e-03 -1.767956522673808963e-03 -4.878004313267196926e-03 2.816066760331136583e-04 8.864131177680501525e-04 -7.378262657642989343e-05 7.396451163919304196e-04 -2.361597354847956962e-06 -8.526175958426726858e-04
-1.824957508881781538e-05 1.542367293960803118e-06 -4.492788178713542348e-07 -3.064791792584386611e-07 -2.738035517500342417e-08 -9.343323927887780368e-06 1.793277243379211336e-06 2.858996210527428762e-07 -1.182665660279820161e-06 -1.013202476815611847e-02 3.211974912191366098e-04 3.385282736410618557e-03 4.451579266357212974e-03 2.107428670079923138e-03 -1.444928197344173392e-03 -7.690658718496289764e-03 -5.680565637141006020e-03 -8.418005932600532495e-03 -1.959873620252463103e-02 1.278930923807876895e-02 1.933151584040520427e-02 2.371544947267110746e-05 -7.378262657642989343e-05 7.091350767810901401e-03 -4.573716021622893603e-04 3.265552467206772743e-04 4.160784481246279642e-03
-1.706896885442077660e-05 -2.455178154762312572e-07 1.505738428707259591e-07 -1.899240576943936352e-07 1.053195777087816738e-06 -9.553471463730912799e-06 -4.099688942706087319e-07 -4.019720500056906491e-07 1.230858954642364074e-06 3.897830752970879355e-03 -2.179123464662088957e-04 -2.436556291751028596e-03 7.212969233330189436e-04 -5.183213463572346191e-03 1.458732678344246570e-03 4.476418860839873580e-03 1.079636980824381226e-02 4.391976727513569739e-02 -9.189679359543364125e-04 -1.676001183975044800e-02 -1.516845589228701767e-02 -3.898013589902561997e-04 7.396451163919302027e-04 -4.573716021622893061e-04 2.825758540600029414e-03 4.156667845225760541e-04 -7.319391982400053846e-04
1.805934680988727962e-06 4.835316647982305838e-06 6.655125679867533374e-07 -8.848773481733207369e-08 7.849352528909040343e-07 4.515788158368446370e-07 9.689396812978628950e-08 1.356935388697964597e-06 4.694744219973396626e-07 -9.337600996714084250e-03 -5.978098630571614721e-04 2.750641722167167388e-04 -1.922798595284046100e-03 2.391553507611476111e-03 5.654278628738936127e-04 1.066509292069943438e-02 2.401085228282943268e-02 -3.523557092822585113e-02 9.959237991249805019e-04 -2.007294013617108575e-02 7.509926565639831082e-03 -8.915862932399190122e-05 -2.361597354847956962e-06 3.265552467206772743e-04 4.156667845225761626e-04 6.391019895824573763e-03 7.598629513776577679e-03
8.191919746836044268e-05 -6.925585428883106701e-06 -1.240251492639138892e-06 -7.048853759945685229e-07 -4.052267774862376453e-06 4.853767329004664673e-05 6.508020888489238346e-06 4.536785960045245342e-06 -3.165384934070415110e-06 -2.535438374583210211e-02 -3.445544728248018892e-04 -6.151021452496707211e-03 -5.614381576116197169e-03 9.756955910322993517e-03 5.143562425004135144e-03 1.127210203283506885e-02 2.860137166148509283e-02 1.882309255474941545e-01 7.965164920068132370e-02 3.185186781995989064e-02 7.600142645861163171e-02 -2.236084873552707545e-04 -8.526175958426729026e-04 4.160784481246279642e-03 -7.319391982400053846e-04 7.598629513776577679e-03 7.002097700299156346e-02
